18 37 17
37 18 19
31 3 2
3 31 48
1 0 36
49 61 67
61 49 50
2 1 41
8 56 9
56 8 57
66 56 57
56 66 65
4 3 48
29 31 40
31 29 30
5 4 48
35 54 53
54 35 14
6 5 59
2 41 31
7 6 58
29 35 30
35 29 42
8 7 57
10 9 55
30 35 34
11 10 54
38 40 37
40 38 39
12 11 54
35 42 47
13 12 54
29 40 39
14 13 54
37 19 20
15 14 46
17 37 36
16 15 45
21 27 39
27 21 22
17 36 0
1 36 41
22 21 20
20 23 22
22 43 42
43 22 23
20 21 38
42 27 22
27 42 28
46 44 45
44 46 47
23 44 43
44 23 24
24 25 44
26 16 45
25 26 44
42 29 28
31 41 40
27 28 39
30 33 32
33 30 34
28 29 39
51 33 52
33 51 50
48 31 49
57 7 58
31 50 49
50 31 32
31 30 32
33 50 32
54 55 64
55 54 10
33 34 52
14 35 46
34 35 52
37 20 38
37 40 41
36 37 41
38 21 39
44 47 43
15 46 45
42 43 47
26 45 44
46 35 47
5 48 59
48 49 60
62 67 61
67 62 66
9 56 55
50 51 61
53 63 52
63 53 55
51 52 63
52 35 53
53 54 64
55 53 64
65 51 63
51 65 62
55 56 65
49 67 59
49 59 60
57 58 66
58 6 59
59 48 60
58 59 67
61 51 62
65 66 62
55 65 63
66 58 67
